# random closed workload seed=301 users=12 steps=25
resource ps 1 3.0
job u00 0.39873510320516636 0.8033006935020275 0.6144184488171064 0.13461808735430936 0.2942008966088941 1.7724269461887519 now 1.6323738115552957 now 0.29553677410862944 3.009673527442696 0.9298401373088908 1.003305555085428 0.9754035359023037 now 0.8510378710693678 3.3327165348048213 0.12397304887824981 0.6116970324700924 1.5571075849779636 0.017629505981180307 1.4278459842257565 0.33382360791376137 1.6707891918837008 now 1.4105000371139733 0.024055786108501575 0.832851580196669 0.07486675480634464 0.09013892736308052 now 0.300376237294641 now 1.2563039697038647 0.1128186387235253 0.001928620173827865 0.11425195817269002 1.5839823373428032 0.8403447921101028 0.4248967737268227 now 1.1688606418780136 0.15646733055071693 0.4317067614059989 3.4860930324909476 0.2385284403698297 now 0.31085283300767974 now 0.45700048898701995
job u01 0.21900494426705552 0.17615207627849117 2.8874239553121797 0.4842652640097438 now 1.4731816672671711 0.8049824697736421 0.25870902074744695 0.38967396868435333 0.08760262619477643 0.38131646612893627 0.08967559017573623 now 0.5964352130422699 now 0.9994640750515731 1.8344391550674164 0.5533112947247821 now 0.8199788269329522 now 0.26760309927203735 0.7979237392595986 1.1972623858328468 1.4827462039692583 0.25269966290382145 1.0147898467669487 0.3271496296002789 1.5617665545362207 0.25041186476870936 0.722144724132221 0.26724698629030447 0.7627158312424931 0.24582118165763275 0.701023708493246 0.018489513285004623 now 0.1730894432798009 0.6125360228380061 0.2681487702436314 1.543773858068535 0.22080053947189165 now 0.11426824680346882 0.3802805794968092 0.20426010597249014 now 0.019927225327026187 0.02905970940271104 0.1438803860973633
job u02 0.2341788732550727 0.15608467481706836 0.05946226925861933 1.5420692859081095 0.6490933770119798 0.3621486632759826 0.17920323259683682 0.32464733944712204 now 0.602203099299845 now 1.0168608878292393 4.4787000904511185 1.2536877075410753 0.017427277811227278 0.23318638479226264 0.7732425372932797 0.4624563415001953 now 0.059079918266562885 1.2098336267830163 0.012333374171768816 0.36251296478084544 0.1973257241221554 0.9243897187112986 0.09893434915647195 1.800374557489733 0.19572885707168483 1.6609767823571329 0.9086165690118462 0.8887789260276977 0.00780160836489418 7.25531260310351 1.7898090127097575 now 1.905140662675431 now 0.2759092641650492 now 0.11689797596720923 1.8115298666056574 0.22598117585846597 0.7185509616194763 0.09748343206704836 now 0.8317905498530879 3.2851256589181737 0.18047704687571817 now 1.0701086023258228
job u03 0.7802485861873832 2.191091394833616 2.047101636877548 0.10916042989824584 1.0544450837313035 0.16345834867062184 now 0.38364825703167 0.6906662116516875 1.2191232533586749 now 0.2368704233955891 now 0.06568948316236302 1.585157092407953 0.6751594626007877 0.7654118878956533 0.10070580214418108 now 0.6651538108811419 now 0.6968690107978388 0.05132847129182388 0.17986415282024065 now 0.10166495276095931 1.0676264193646514 0.5110727957481677 0.9787397264557465 0.35046406007077574 now 0.13532057617166118 now 0.1819522827536205 0.9196886594632165 0.08191573795634337 now 0.6358242658865999 0.09322038813704342 0.2914715608826629 2.060616217874405 0.11857326106283354 now 0.447213642694257 0.031641594254549266 0.17899939721933034 0.41002197455499934 0.023402292629131745 1.146275634594186 0.13414432081809707
job u04 0.08295213140353985 0.15731778963633386 1.2454159721182323 2.8846688095538533 now 0.4379401793459846 0.1479094945234903 0.14698554231565725 0.9867193993353442 1.1587590725538115 now 1.0289567919572677 0.6345363613945237 0.007681502962286451 1.5987127288595986 0.8683182460234274 1.2108012740506644 0.06980280440604834 now 1.1075019412820717 0.9541861982452213 0.5816150634354527 now 0.757585456001249 2.213210274345098 0.22852675708926765 now 0.42283946191130595 now 0.9502179100870431 0.5312217525392109 0.4770196076161501 0.8000266068175528 0.510840962002148 0.7063025175456253 1.0315939458405 now 0.5472224074391683 0.6525316703332714 0.15434402538232936 1.1749187317044751 0.012796854707956839 now 0.9732206221305791 now 0.5477710408937538 2.128540965672259 0.0822820272192373 0.7529042854057485 0.4735443957617741
job u05 0.359913097817394 0.17633796154100537 0.04113748921008279 0.27529727345560656 0.6049609259151438 1.2964270879889515 0.19328689400614613 0.48772933396649953 1.410373615346017 0.20951422643765288 0.7410340215483314 0.37537025005537705 now 0.39843879918891206 1.0058869535710844 0.5642766644135057 0.6033083219562306 0.2790926546751958 0.7065580281856467 1.2675219680209402 now 1.775138339752607 now 0.05642284923725476 now 0.3658917863434512 1.314526909629946 0.7449509277037053 0.09791074895711967 1.0125033576184386 now 1.385685155885548 0.09266384057031812 0.2644627632351072 0.7850044081069047 0.30823962178148695 2.4758905795043757 0.13666034377034927 now 0.8351126897738711 1.6313620140267044 0.00788016237252908 now 0.21434143093420532 3.0136178801648845 0.11304915962878302 now 0.7342786878431685 1.0722926200701115 0.3238895500616965
job u06 0.24167583865688336 0.3040245093813618 now 0.6460211812304657 now 0.04619298913306865 2.5044372805755284 0.03083536165746776 0.5821099661289054 0.060893359011927516 0.03034069741879251 0.08621680653795755 now 0.07571094412428057 now 0.5096275369669663 0.9426243452220617 0.12520515809816382 0.19640627927407042 0.46651974558387305 now 0.0030221882064909076 0.03607763703889724 0.273086215137834 0.7572719760291106 0.8861537623716363 0.6739457640649524 0.5113033829536174 0.5181444534202793 0.054736169294704144 1.4959262092637324 1.053141636413439 now 0.5113869905560605 1.7698765516825616 0.6907557770799249 0.005326822959540603 0.616536592024599 3.727858232836664 0.480325253611475 3.5782296917815195 1.875436894148886 0.09630073256886475 0.4594980563459026 1.1556764440673357 0.018265056283391572 0.054920440701781176 0.8103242059939151 0.0827531394841566 0.508801165663141
job u07 0.771448955052131 0.4388067355568783 1.0569300706914286 0.28220949392525824 0.21772646600106105 3.212107985626921 0.3855942326517766 0.10401172352021834 0.7978476647453192 0.09711431943405181 1.6268091638034794 0.4390735684532447 0.025021733767433933 1.1406461479788725 0.09050167456059081 0.040566271041005235 0.7567799465147695 0.3203012043284445 0.7392498447179641 0.5528134377886931 0.579047840691842 0.3725270955085504 0.4415547250286163 0.7629469809882969 now 0.08923274726757091 1.1612284165113138 1.0200955619701413 0.8203759622147285 0.5072994871207686 1.5944895305358493 0.5029144247899979 0.6340986294075617 0.15577564713778544 1.9671303945365837 0.06979607520171312 1.6064857296906485 1.6153694449569456 1.5882388543162314 0.04567390482973641 now 0.915499660661731 1.7070701260850603 0.2379290901078289 now 0.09909848667896597 now 1.3302234517511404 now 0.7153509445686013
job u08 0.5705302825567355 0.7739015496731932 1.098979164712131 0.017630521530001147 now 0.6882557431878201 now 0.5429545990641139 0.4084108130961628 0.22601810999637745 0.3068623249790253 0.5571408998558982 0.05435273982337141 0.07604750442971345 now 0.0936196916487876 now 0.030097022286371775 1.5990201801493396 1.6674881378080448 0.48282441997553865 0.005839451080159487 3.2700798112139347 0.054818026206125456 now 0.01899855179632528 0.16628794778043274 0.1117232205378901 0.6829343826239042 0.21648096060255634 now 0.02123358780268765 0.29826373485829 0.09363711884494298 1.578964088238446 0.2636686353183249 0.6505184864666268 2.645955536475078 0.34702521423705623 0.0024078277930419446 now 1.1705164393062568 now 0.7051856088555488 0.036582371151393046 0.7724061477476384 now 0.01866308679557146 3.565058999095129 1.3139993718817269
job u09 0.44869293533063814 1.0066210453180788 now 0.1576912661965557 0.05581111534694476 1.18712731146712 0.00970868376446445 0.36289031003000455 now 0.06395834953349831 now 0.36551781802547784 0.08484572759062589 0.06927234583463143 0.15263966487545352 0.02267496708020668 now 0.18140584469512414 now 1.2080854257305187 now 0.6925539931549951 0.00940705317747052 0.2758179348689739 1.9445860937606378 0.479725170598771 0.4645239198345835 1.9785662339502783 0.0062058122395217945 0.5402457805900527 now 0.40803729820761503 0.3648987295121838 0.10537596782026362 now 0.6037360906303759 0.6705739483981438 0.06718333666066162 2.2032614971599878 0.058693240658847644 0.9217589284934815 0.16297241120660613 now 0.10841178093258524 1.1153231489681326 0.9113763907953352 now 0.24359187753614547 1.17191328995009 1.0229190716990486
job u10 0.6699613976920392 0.32206008425696764 0.1884324087401052 0.27465073418258446 now 0.19844427380095522 now 0.8705629802030397 0.7760898020937782 0.5342538065210324 now 0.006033461961215823 0.08245723164679462 0.7979825816065387 0.25798581925309566 0.05180419202150959 2.063246764457744 0.5664653328264685 1.0049040909763056 0.523869084430218 0.4116376901249068 0.2719864379002611 now 0.2435749681341748 1.8269413594456343 0.3977498126848335 now 0.6620300334831859 0.06281617607447604 0.4212182737316109 1.306632280719814 1.0583531197973504 now 0.3268908984894506 now 0.08660422254216861 0.64815683739828 0.21951274566039763 now 0.32574220448763586 0.2426488437508564 0.1537409191661684 0.6929080230491995 0.08935491821134214 now 0.22420176289207142 now 0.32520198137064465 0.5852929365683055 0.0821845203482735
job u11 0.5834063831753049 1.0931427898924786 0.037714350689755705 0.13166598130544943 0.7134256673021071 0.2425067196238297 now 1.6533556660916493 now 0.7031971268733798 1.0974827645596388 0.1502025333188973 1.097059144745597 0.15328389992806937 0.7824974287249723 0.37569185809562644 2.3021035010223203 0.014041043138453939 2.738401072251894 0.47277476269608654 now 0.8808816812947698 now 1.1639078443308213 0.1012914622303212 0.39613891313840216 0.36560078285049363 0.434316699534737 now 0.38001080476148075 1.7511555405991281 0.03744483509742895 0.20992206563263927 1.769412436686972 now 1.011169147348042 now 0.7358055777093362 now 0.503710703149764 0.6549284379515236 0.5932525967783873 now 1.0750584842147868 0.8653546208589626 0.3182907022289154 0.48293293811847043 0.1339917390162054 now 0.1305222855801333
