# random closed workload seed=303 users=12 steps=25
resource ps 3 3.0
job u00 0.03165747404234709 1.7337288754586961 now 2.5929394734076956 0.2993177491101549 0.36311049727945416 0.5271398623476483 0.7795774126810158 0.2964395383362459 0.39253537276027617 0.9010726119145213 0.06474612485470455 0.6790169245934493 1.289188025167747 1.1233876355126333 0.16438103243269017 0.26034844850184685 0.20611446008028184 now 0.444591750514331 1.2100372436788325 0.8778223512217688 1.058852104745348 0.1448323470905686 4.65483447895778 0.6595747809599106 2.150296782281359 1.0488736251869228 1.6702891423969735 0.5872406332872708 now 0.9079444704567773 1.0319090093903962 1.1479051176384913 0.3152824842958957 0.402956369530727 1.8378763888612797 2.5458744133041913 1.6340525615931922 0.33164972673404264 now 1.3499392290401164 now 1.4692155127753757 0.2692360575090883 0.0907665803935877 0.07503685115406714 0.2819777032385886 now 0.07243593515347606
job u01 0.2514322339876659 0.5287542700657164 now 0.9608500246048283 0.29886238969901974 0.6267267631212512 now 0.14610360507313394 1.9257355866522294 0.562306527319499 now 1.5951038359947083 now 0.10199832060835687 0.07299791485399311 0.2646255249836451 now 0.2994596990231914 0.5462766201084628 0.2077548180614359 1.0707197403964401 0.27262309753703934 0.3519067873282291 0.2532158638265766 now 0.30617695224481767 0.17373203694882777 0.19089354614217313 0.6655339664744254 0.4985831994227026 now 0.8570583253908511 now 1.258934123977103 0.3144314185546194 0.20466660849167595 1.1836290279737915 1.4377618407041366 0.624035225269933 0.8121882041041243 now 0.8377040006946075 now 0.20336319429556338 0.7107510972756519 0.40120832672433043 0.49917674614756563 1.26161656057458 now 0.010422847251524363
job u02 0.6435466838744265 0.04302461855991859 now 0.15862198209815734 now 0.2471632813934952 1.9681231143702749 0.021414822058044146 2.3272798251031452 0.9786754031553795 now 0.1910191456851042 now 0.6691266562861693 0.32364402011582666 1.6043926329031 1.2522755063079878 0.2755051924518244 0.7969543443699753 0.7549333081780377 0.07346997404649142 0.024376094226236707 now 1.277377487945388 0.4736631132855435 0.40570010209381635 0.5968436163057226 0.8537094497791813 1.4499552927186574 0.07302009757873267 0.6259477734179564 0.3544335235195821 now 1.01994845638519 now 0.7215744504352916 0.011217103042710574 1.570812085435901 0.10667851978048172 0.09824093680640146 0.6048661792110026 0.4209491415516316 0.005487352343998818 0.03913344041084657 now 0.06783754847046161 0.4967013117277616 0.7200198870109322 now 0.5495776679940568
job u03 0.24997798690844042 0.49246820944019704 0.07691982472602733 0.6378147633386116 now 0.8473947550568719 0.120356595549655 0.44703749410670585 4.486842290733384 0.12125065351176284 now 1.2927646970862607 now 0.48983151279163134 4.010185951891171 0.4507290092332984 0.20561529871685788 0.7929215791138632 1.440504511406977 0.5058658551124946 now 0.25791124526677084 0.2093409906774661 0.19573235461712693 now 0.3078294871384994 2.842107698019732 0.513760669176617 2.7584759100841265 0.9894247849367597 0.03712028789980084 0.21240981257891742 now 0.47299472181586033 0.1373513124147553 0.5322067707174477 0.6466327274850312 1.0679595869557392 0.1418167596796905 0.3547621383368834 0.23194532698476333 0.20122715183228365 3.055189636712734 0.6132115334411098 1.1173870582537948 1.1391909354022107 now 0.03566720719459305 2.8292642951849696 1.2842055938599182
job u04 0.22548223250540067 0.21645060966753749 0.5210803011863583 0.09316993651364416 0.9026483655464862 0.1686246324148009 0.8561369632307921 0.30818010413025204 now 1.7474607562192537 now 0.18963836923283198 0.6215537860189239 0.15002529325265737 0.32166236683161126 0.8251562800703445 1.3119252164128834 0.9560697607537598 0.03790186442608253 0.2711356974452689 now 0.005587439479039681 now 0.063783260492531 1.3961254232691813 0.14428516516458542 now 0.015507558320680329 0.5976758673567588 1.1654658911603224 0.8256647285245031 0.4546966412157116 now 0.14002903770173797 now 0.21787664386672592 0.5448954028300053 1.007778448200911 0.24739937105330712 0.20399218302782024 0.01795822653273557 0.24962302554877971 0.1792105977571899 0.7334859664964173 0.3591965014890512 0.23550826067043348 now 0.6054302356480054 now 0.31367606979525864
job u05 0.08966819796067038 0.6031834654322255 0.809611035678303 0.5849515179137239 now 1.293186340375458 0.30738470720199446 0.4219066604978362 2.422269660722291 0.49362375031289296 0.21085473850834893 0.17602643268853002 0.0016200897395658898 0.21805459537046132 1.0725567325081617 0.5374465287838908 now 0.1736571183092779 0.05599064967148001 0.2274598218957879 now 0.15663744571187177 0.5902230147757112 1.137663549344375 now 0.47416467587754174 0.2839005449421601 0.7239163383855213 now 0.5057453694081473 0.0926780429630925 0.4411853728940587 now 1.241933550817901 0.3520858117016265 1.2578352698122022 0.6043893946669255 0.41466175151501283 0.9292601980294687 1.658430612899074 1.9504164533084758 0.05048959598071716 0.11087111418168806 0.10276585994189767 0.22565447214002163 1.1331528950302847 0.549995731240152 0.35468824579636915 0.36314160907910237 0.21634852920442763
job u06 0.6895186424783903 0.5228980623107126 now 0.20396059269944142 1.9137729174819151 0.0579620668508603 1.2949459479021141 0.40081110361549044 now 0.14195577457297667 1.0176166701499711 0.08427229424370224 0.444460427317536 0.7794093843359333 now 0.17066590221431138 now 0.5732144425012524 3.331070168793011 0.29121651311111124 2.6427404377310006 1.4786084875168501 0.2231484043289649 0.3777290645459439 1.6551199358836297 0.09603565171768752 1.152911114641698 0.15868127641858715 now 2.1952779896537877 0.6580466074670468 0.13032804517841137 now 0.3674673705615536 0.31582303236808285 0.2358681903408712 0.5489790771885111 0.23732205153309477 now 0.4136361988877383 0.2735987820141486 0.3140019494723087 now 0.08465826123940486 0.729157500084632 0.43562310452406844 1.1346246425896707 0.08772738744384923 now 0.12678992229159888
job u07 0.11678123926637751 0.11182562727532579 now 0.8341892671642082 1.5661285023202063 0.7192581414292987 3.212448955919121 0.35887466226463494 1.663752918956296 0.18124882108356233 1.1018544187984272 0.41699076556734127 now 0.12503103844374838 1.0729759380687836 1.2607260010555594 now 0.043281341744374584 1.454608008507227 0.8532753342522018 now 1.1689646455363942 now 0.1657775560163422 0.536055986110518 0.3110614536414336 now 0.23479600109368629 4.801428485468395 0.15295106918970636 0.0777673622903311 0.705348084620049 0.4761398382818323 1.1369492157845376 now 0.23266537307603044 2.434461480351422 0.3078860848130298 now 1.7914172082234514 now 0.23528430261073596 0.4239302269366798 0.5876539885054154 0.29546190476107465 0.2825997914596099 now 0.029024898388993522 0.2679845573347373 0.5978520608895355
job u08 0.3815612577383596 0.13681982146778862 now 0.2775426856305599 1.2161443930040619 0.10337413960312586 1.0636132960340268 0.09408769447678898 0.5478680006517094 2.0414068890842563 0.24440605651084552 0.05165595230187512 0.8300615287115958 0.2561141658874364 now 3.1838787749949056 0.19972618292597671 0.46947040607798113 1.6962460639825947 0.503232502113976 1.667753765379544 1.6079736920083707 0.5223369257516375 0.4232545695609462 now 0.06795847008684994 now 0.22368008731042435 now 0.8964593270099019 0.03226908259920031 0.09516099146749724 0.30725329828679726 0.372492466770565 0.14491302299163067 0.25295107152181057 0.09477492772654024 0.2553338424383388 0.9380909247412593 0.6463919001678259 0.6029623340739294 2.054969306753191 1.7011561407416682 0.9236248226039145 0.5679056263890939 0.3206420774608391 0.3023234367410372 0.45015242091055546 0.9423175663248876 1.2357760498997696
job u09 0.6456657626858007 0.8071736640238635 0.22622404288611808 0.03400854362210361 1.914807839530737 0.5075901538014982 0.9542344834887643 0.6801125057033773 now 0.7242736927059797 now 0.021923356784443196 3.677999627275381 1.7051285054097898 now 2.0651348399284672 now 0.012764893498724622 now 2.7733311998219086 now 1.3250053219728168 0.5588352010980434 0.14265211669143452 now 1.5958298070403116 1.1818665139655176 0.10323140238200514 now 0.31782436269970615 0.3028071045950699 0.30709529364086424 now 0.953861755703485 0.2728060176113225 0.697900078590805 3.887847733565633 0.6250239896967913 0.23916471311408266 0.04741020504701437 0.45984618669887367 0.04854347738607835 now 0.046720692443283314 1.1946668642282956 0.20228845084611388 now 1.9746815327570086 1.6271424982005456 0.29552329307348724
job u10 0.4393915295056976 0.12460612062603922 3.18240724280735 0.38944317403683204 now 0.5718951205539375 0.22816075219254864 0.08001938075935898 0.3769122718923299 0.9914775668997952 0.2533437881669865 0.01993246124634031 0.08450455646789613 0.4340532515483795 0.47114221382892096 0.21424265992892533 now 1.2407020973697878 1.274068643109974 0.4643460889809559 0.03392762396021533 0.09531020389001102 0.28992581208098667 0.0939361513928249 0.7592571940134774 0.5948470019445188 2.331588883980304 2.1013261547180377 0.025401032045250675 0.7338140348160016 0.16318588197938644 1.062675542314717 0.574539214143869 0.016647043021279475 0.5973527331314146 0.07562473857637518 1.6770126015441027 0.5584683888193052 1.5448878330057567 0.1441493406689958 0.032931080418470364 0.8340728117166198 now 0.20215532524335109 1.3781431781014897 0.38087314132045724 now 0.376862903520802 now 1.0925629836546649
job u11 0.2707658793522424 0.9990404248292093 0.4354999288320692 0.5917292366297137 now 0.17690020387654476 now 2.337972598002032 0.03923489599893846 0.5896831414782586 now 0.10849662294803145 1.7940788421354252 0.5416202751730748 now 0.021836976899742542 now 0.05615439636707602 now 0.5325355561110003 0.12239870527280569 0.15596808372108828 1.621818967529504 0.20490005169233633 now 0.07005867972761305 1.2892678692702564 1.235413415930055 0.6390272868596855 0.061428517365960535 1.971011058958829 1.9039447640268492 0.33849156920169865 1.6069463154523245 0.05037624784965262 0.8102994159341204 now 0.8033703652914364 2.152969264661327 0.3810179962692938 now 0.010906804899719227 now 0.2414665260556332 0.7501743574834207 0.09133456221550794 0.0480946758581162 0.31048211027162176 0.6296378568381852 0.14434462051518293
