# random closed workload seed=502 users=8 steps=25
resource delay 1 1.0
job u00 0.5055045810600117 0.09224806348253493 1.6459477841890195 0.5982611086002206 now 1.0874366751678104 0.041803529241861634 0.5171371066536425 0.08088492085319919 0.19212174334655663 0.11460386633035217 0.1940731706564374 0.2663167231349981 1.0377591382513263 0.9970197274685045 0.019245772656005623 now 0.47445960138340054 now 0.3714272529912802 0.8954098871757618 0.29323418788721023 now 0.06709999215586593 now 1.548617582658036 0.18597416027712882 0.02452069974621736 3.383002501645109 0.37954027269347784 now 0.38320482016496005 0.2890899948532891 0.7659758522065353 0.7937515093952038 1.3887706313766792 now 0.17815255598025684 now 0.09417135122252837 0.03299881886533711 1.5482482593703382 0.9317871128460142 0.33872460641048574 now 0.1421589601653852 now 0.2009165588865389 now 0.42915000354109467
job u01 0.2429351054408715 0.573301508961331 1.8376195657683643 1.5905478354978158 1.007204209395505 0.7617636530709364 0.9105513721921364 0.6646158826085499 1.4491557593415099 0.34502225843323703 0.4792084257242579 0.5130994127936902 0.020994975840063303 0.5757140983107168 0.5525735928654844 0.009263029774693874 now 1.2322979259637568 1.1334007920891362 1.400572216401029 0.013228660105980963 0.29355195413736895 1.5993162195838286 0.32125793618278514 now 0.48075972649577453 0.5281160077944692 0.015133765654600152 now 0.0925060768147 1.7467771773395286 0.08457458663648376 0.2336650068614938 0.06812965564584145 now 0.39614643913057396 2.880724090856556 1.2377641614943562 0.7531100752083019 0.7507345996802293 now 0.5216092729052824 0.342000951046264 0.11285184873933857 now 0.47453845989501037 0.554066484421351 0.12637880826009007 0.16441213147110145 0.802023642180692
job u02 0.8437652168247926 0.05752867274290138 2.2064217995435222 0.14916539047556243 2.2785819933613034 0.6171423858803103 0.5189045818830254 0.14551350628308918 0.08286645904624478 0.06486659516828114 0.28900376147243617 0.13695741682764154 1.1701059974211558 0.3431101372632454 0.025606388919179327 1.333273261318587 0.32653308829487887 0.09657682093536482 0.7724303282095495 0.36833966684532565 3.540971432112684 2.0543639939965415 0.08178948205381813 2.0717409848440522 now 0.8905570216222753 now 0.784052088703341 2.1324300506669314 0.12994223830178978 4.172274809653054 0.21076825585611017 now 1.0401342393985402 0.007296156334534195 0.2157430102623152 now 0.26487270096633503 0.8312065319501655 0.2712770983093959 1.3911830704622268 0.03701725412187997 1.0828099186234295 0.5466721270422091 3.011912915270927 0.20810384071147506 now 1.0662584200376688 1.0191441203370222 1.395199495593401
job u03 0.5075133200806115 0.3221154802684917 0.5360076414421596 0.2629220231523679 0.2954668521284385 0.25953455346753795 now 0.04370014354273846 0.6717634612293567 0.9697278002035065 0.11328673896467026 0.4386142191030461 1.5013240948030238 0.6531261978265431 0.29193608388603953 0.4021680772341083 now 0.06762585731522365 0.1490397606777752 0.083668928152746 0.21968836617501997 0.04429817031860096 now 0.6393167904002415 2.974517063635337 0.1568393925800499 0.6446818397820945 0.31379233679085994 1.6525274030377666 0.39366187353845283 0.923840106044998 0.08943135149720195 0.10187911937738896 0.41389892902497 0.20415085183230453 0.20985124845031952 1.6279231993257703 2.1941239677437094 2.8773470964923638 0.7783956851623214 0.11829610831211437 1.495047133023541 1.0946491925031525 0.24849653877373093 1.1384455119974748 0.6344252276810569 0.4091476617174282 0.24935018125198521 0.4184295699268705 4.563787491116721e-06
job u04 0.3668984834448846 1.5387049413393397 0.6561063947867685 1.2515067088842022 1.199016533544848 0.5942903685006505 0.0615057368257883 0.8323829176138132 0.928288284963387 0.029902299518070947 0.26102581872719616 0.19305987240329994 0.9849853588116717 3.084063898074636 1.6522355210134791 0.2743902533998846 0.521882838521509 2.38757132732002 0.9302504983402683 0.2328556044020963 0.966518857735731 0.0894939108512128 0.34021236889334533 0.5255136117535225 0.09272250572503993 0.09748618596786558 4.40025825008381 0.2530369774779265 0.18675234743458605 0.4170348609553059 3.6252596551558414 0.10627839332759734 0.5339429364511491 1.9081885876428495 3.344635258249657 0.11870323683063064 1.646484239213359 0.28684743176816596 0.6373513494309804 0.26553074730633014 0.22499722383391357 0.1233794109423955 1.2832523615261464 0.244037605314582 5.436339106351312 0.06802989206745962 0.47433941028704424 0.0969717862594278 1.933193600895349 0.032761616027587315
job u05 0.31791587467538984 0.43859768811734684 now 0.23032633845928682 0.9734577620308063 1.0149043053690672 0.4790912787013629 0.6590997984566616 now 0.2284063036285655 1.4732745353174586 0.5539079888940609 0.20961411789994955 0.4263920856437199 now 0.1218000036730884 0.20108479903152138 0.5410930025067251 now 0.6177573092661258 1.280312539574844 0.5739357152592047 now 0.5845362111055495 1.3537525330350544 0.47666074576060674 0.5522373283189654 1.588816502764248 0.1414999858269497 0.763259706380782 1.1835192848409222 0.19529382514320903 0.5927670014608258 0.15392158755271493 now 0.3960373993836005 1.3793641656216662 0.005341926557726048 now 1.4291119538467263 2.23492137428773 0.49011216832138516 1.4112045232017736 1.1271777055648113 0.022608717116097493 0.6581087603364001 now 0.16455406173671672 0.284390649974065 0.7010657796660936
job u06 0.3197735351434918 0.8966478536858213 now 0.08147298219957849 0.39504684676977464 0.502527012354977 4.993205653288513 1.043672161694761 now 0.7792564122316269 now 0.9267880275172193 1.1192247135146312 1.1082290404985498 0.8583674572884009 0.4090202618559217 0.20558085073297466 1.0087171652773317 1.0982036903137917 0.704066333905029 0.5050453566800167 0.006016677575776156 0.5462989868371915 2.025339191682862 1.3454286157481432 0.31663344392002274 1.8455949715559161 0.2664948357495231 0.24817272023584194 0.49137284905424766 0.4158044468127656 1.1581622645846241 now 2.7324284485088737 1.5889824861203483 0.2590147220594145 0.8076941511418282 0.7364362581198278 0.5390774560447562 0.8497538417033088 0.3776574824289671 0.07502789942512549 0.3391572141874785 0.027183918119351093 1.4606004632786513 0.11693870895457091 0.2577288452529097 0.18747739261463675 0.6503785161221486 0.3288193256463298
job u07 0.7879858922462741 0.3513782265466441 0.8107952841786091 0.47866937843834795 0.08092777611789487 0.3510039143231895 now 0.41094816703130715 1.139182077006416 1.0227147534062 0.17836616475316625 0.1086939097983042 0.7385711947611093 0.9823705634414672 1.1372121589506772 0.4607553762950865 0.8271229017916604 1.1046567305505104 now 1.4949769600995242 0.05979954020969108 0.04868839862906142 now 0.37338696791623305 0.21933456268928636 0.18394167288863603 0.7967440278451409 0.7536031974220748 3.8528093393955265 0.11162269308597374 3.015331297178836 0.061079307514740194 0.7036043537143605 0.9627309308220054 0.5998609796596261 0.9431942984261995 0.6669415643680813 0.05680171056198216 0.8776787316819412 0.06848802426637783 now 1.3049492329269003 now 0.21259450959240056 0.6104945748612698 0.21596593353703802 now 0.4710983020206869 now 0.7692383979018717
