# random closed workload seed=403 users=8 steps=25
resource fcfs 1 2.0
job u00 0.24964211601093333 0.20924402536803227 2.2828757866609664 2.3360928819771756 0.6489957948954684 2.22275818225184 1.852286803521381 0.6822029010005013 0.5073670041632109 0.5927232945007956 1.0590655861872522 1.059838906852333 0.16162968410874248 0.08643336671173826 3.4857969146437084 0.4385082399736881 1.3269134427743148 0.3113877312745747 1.422553652531762 1.7342215469957503 0.003191862759907886 0.5654184590491106 1.3027795649797758 0.1719274682755487 0.4542763911169611 1.0369334419771932 3.576921565286036 0.06310664706354567 1.9406824122643211 0.2671906233941176 0.8168025240772714 0.3909115818009035 0.6581197040878125 0.7198270880514691 1.3732979335064877 0.05555301231845637 now 0.03977426304164559 2.5037056989435342 0.6656784706165765 0.7270843800359771 0.6104835095480935 0.6120675314948543 1.400864375193364 0.45844692826071637 0.2023196673761869 0.6531382415818935 0.07352788275401123 0.07401758602029601 0.08346600368060983
job u01 0.3564271741066143 0.6618073908434051 0.9111464032807601 0.48359369550932485 now 0.05277524054658133 2.0907924675819944 0.1498855972041297 0.321309934128457 0.632268970500206 now 0.4632696065661432 now 0.24130784286194382 2.5930163945094646 0.2947719014974699 now 1.2950208695552985 now 0.15667749346727194 1.0806641916071769 1.0568364335685274 0.48485036400117504 0.9846712839516614 0.3983567802740587 0.6610984404899166 0.4881890353150623 0.2451937612875756 0.4644250511241248 0.32824740634195665 0.3546042491717249 1.397372139076994 3.431676310757425 0.5515953655269241 0.23927873606800124 0.05289386045486576 now 0.4174388757026273 0.6982996586566581 0.29044727351277805 1.1257224685838485 0.46823782557694066 0.18879220843435676 1.5734772250581144 0.6310662789625208 0.06040984059398235 1.7601540562755376 0.04144109772406266 now 0.9035003623958412
job u02 0.638728212928766 0.10477942420766143 0.9476367067731849 1.0068471957899758 0.2668802907643679 0.12492136965588237 0.007781433980504122 0.45434031714265993 0.118926714915904 0.8448457601977092 2.0997560674485705 0.4258225370638674 0.8023668581475566 0.07259536188333714 1.023624926540623 0.48523674680754914 0.6299632906133408 0.09268037629754795 now 0.08118695016893264 now 0.44106716377244926 1.8388369167136716 0.29115632231527017 0.4254537711360813 0.40267283724397945 1.9415682922941888 1.4304123352733253 1.4127333068248131 0.4159838471401188 now 0.11899901724470488 1.241474781348991 0.39359603631589773 now 0.49711810755173913 2.2438109264024346 1.2611673942268407 now 0.0028761178044492894 0.004549448652235732 3.916745891269445 0.6512187937564314 0.525092921781096 0.20204496879585868 0.4516203052071266 now 0.7758606492546468 0.7566101923106194 0.8486944335468981
job u03 0.4453214297783231 0.12151197553196617 4.240155669128891 0.5228958681594007 0.6503214866981754 0.28050679998703226 now 0.9786530228670126 0.7121506467159932 2.0171232634351903 0.5310825471825368 0.5357698835490017 0.011909510744741326 0.1661951604319192 0.10591583716194226 0.5466948659416132 2.5835190254758484 0.14799559142677987 2.281675154175597 0.16099696952828427 1.2046311140690995 0.007333664494552893 1.2892488625105003 0.49995631890737235 now 0.8732970932046951 3.1491606143025446 1.0504010953911012 1.2602830075161482 0.0011691845663807537 1.0598195970044304 0.9391336448560058 0.03225134018390343 0.5117971600746429 now 0.4827256465193767 now 0.35428155854106785 0.36616221935200594 0.20039447619639073 now 0.23492804280301238 1.0902915151387225 0.48929126175376786 now 0.9128830879686488 1.219044211245992 2.0678079347700224 now 0.8482242435786319
job u04 0.23429061330082435 0.07177352193351132 now 0.5051442589372789 0.23954241335063153 0.23425662107743447 1.7295779076115982 0.012630189863062021 0.0748590921460158 0.13539323603610762 0.6639572342651301 0.3395851341132161 0.45389447498472085 0.033037675108125435 now 0.6450446672834252 1.5505836676152862 0.2596803230281276 0.25643000471116034 0.90516355466133 0.30220166863749887 0.26433014469681143 now 0.7848466427194849 0.5839675586504697 0.21040957777802075 0.5372043694388617 0.2638982680593452 0.3517990101536879 0.4127854645227618 0.1643733533529665 0.4353984830944814 3.236844787110113 0.11886817340341758 0.45505053721234834 0.2675909262978239 0.7262413174962687 0.10139774381743745 now 0.21866953468610728 0.11540118550548677 1.599807639831282 now 0.06946672428937974 0.18239479392714392 0.30999360236582035 now 0.24338948236974883 0.2244834682953305 0.6735450135447558
job u05 0.6120574660554547 0.04834694799677503 4.699886471726342 0.1720130964850489 now 0.9366589483881813 now 1.2118395536286166 now 0.006918626871221825 2.5262244059962162 1.0240973072594655 0.3880112380185226 0.07029759549961359 0.9407803282497842 0.5981391025646603 now 0.2909171756744458 0.2178601118029417 0.9480289917868266 0.3423186291182759 0.3968904163319639 now 0.3638099118034028 now 0.737391011156211 now 0.09852607235603551 0.39304954599309894 0.06183331348547029 0.3861452087432615 0.17461772247549912 now 0.9971809379310179 0.19478917799774312 0.136348111011017 1.1453289607661101 0.3807706018134961 now 0.07150106661775452 1.711076707091481 0.49349548470924093 0.1953561906711069 0.6446466080783164 1.3498617171011804 0.36053614609441786 now 0.21745123918379333 3.016214590735508 0.22817990920603454
job u06 0.5404721465759349 0.19517716451492428 1.8757025565591152 0.7895201703968485 0.6104744999469528 0.1561911448963877 0.06804790655157757 0.03754074228727618 now 0.8446004333690013 0.5485523285603414 0.3185487953844084 now 0.0673208804537064 0.04676262895793014 0.43205091312717037 2.6099615727138525 0.2922944835046554 now 0.7950493673222097 1.1068181387639304 0.5216484136765133 now 0.24253268995614294 now 0.5054198901897098 0.13633846555939438 0.19929164151374934 1.1278105151604438 0.5154215881788545 now 1.5183396419210253 now 0.5024162046007301 now 0.0945208536401199 0.9751695351800804 0.4005364833311354 2.1333595570247357 0.6471968763096742 now 0.013130514291089645 0.6245111448514894 1.3204520239114799 1.8089652127658304 2.108617144550012 0.29143516427710164 1.13953759778149 0.43677617352495135 0.4596031821793592
job u07 0.6860151216298251 0.6422853297943769 now 0.37957102373943363 now 1.339949443450969 now 0.5197585069842316 now 0.21573600294461404 0.3039065176847689 0.5253975571990632 0.12794610899865042 0.15721124715458704 now 0.07715143747887888 2.44062764955756 0.2188866464093767 now 1.5998406827526048 2.925195705397039 0.00032984316328701327 0.19497439135606748 1.8533299113027912 0.4532311889030352 0.8125743500352697 0.5913740607353387 0.6957799165281371 0.34348901825746014 0.5456961164317459 1.8461262252686492 0.3611279078667502 0.07490524775496019 0.11570810519651478 0.6266394462953981 0.9210665059950224 0.7729055812720254 0.471949953584594 now 0.8073867792480901 now 0.16894027621329533 0.45569688177015655 0.06192367294200551 now 0.07515650822461342 0.3862252534104933 0.19092788942772504 now 2.6640929447462467
