# random closed workload seed=302 users=12 steps=25
resource ps 2 3.0
job u00 0.9652039971760678 0.38719851738781713 0.6440711698048218 0.10475178985959588 now 0.25351261757961413 1.4923459729337207 0.2074263050101078 0.11969633079466296 0.5353673703505974 now 0.12405560457591032 now 1.9102669106240764 0.8074450599481052 0.9918674796445154 0.47353920430238744 0.9895716611420342 now 0.6085972948024282 0.47438541581907945 0.533634817553672 0.09253707088541131 0.7172767730809742 now 0.1711118784461157 now 0.16741085284022755 0.5680675335785339 0.97111877839219 now 0.14253501262366794 now 0.3204665005269209 0.7341175015993737 0.6353464574212011 now 0.030717311582560764 now 1.5253113649674024 2.6560031726019955 0.745637948097705 now 0.10620197779977535 0.15260536550956386 0.3309005539622742 0.2910194658660456 1.7720918333178357 now 1.290899567118543
job u01 0.04040317506099422 1.7204948341053443 0.1644019564322517 0.48998695450087876 0.5048837735128746 0.3232332189526586 0.3196318663402658 0.187286161769355 0.608555629454338 0.899307621180613 1.2936837552267009 0.3945495278959549 now 0.22661144272025993 0.6397167221535137 0.6093024233820984 1.1859441147435899 0.1397873582203159 2.457665890857767 0.22156658087920592 0.6471220410129344 0.15849243297145826 now 0.5800616796554158 1.0765971021413492 0.2752171519472274 now 0.0016582847149112332 1.0611234694016087 1.527857303380437 0.7929682410454998 1.9086289293102778 now 1.3792204778268593 0.6284451813600102 0.47862660295074305 0.6990407887362287 1.0632107650828089 2.44403945631647 0.339275109551274 now 0.3340988101094503 0.374804425724902 0.48674779689386977 0.4513701075227402 0.00020315673466502228 0.35785031378760673 2.166292258563611 now 0.6076764356071782
job u02 0.5859266168558006 1.0826863452051148 2.0806221976699866 0.6477511532670065 1.3238850039260313 0.6611471919124972 0.46916088154262536 0.09335536738906618 0.7372441369607631 1.1539965455449157 now 1.0978543119165123 0.433136758888642 0.5588471611010581 2.159729766034338 0.7100911129895036 0.48286832474460983 0.24866119843382373 now 0.3021329430422837 1.3252853973795518 0.1659244065786868 0.8747972939282852 0.05157584079446878 now 0.1482750515008226 now 0.5814605706602145 0.4549862475093732 1.3616743935451798 0.21149755906108977 0.27920891657292196 0.19617311231625148 0.2169737911391961 0.9827643403485904 0.04917841561724793 0.9010771636014201 0.05119619874087863 now 0.6233968108227573 1.5358409908570416 0.20359465242441185 0.7660675510641548 0.5322735479303835 now 0.1937148920138296 now 0.06962302330489062 0.09276887431301248 0.5396379178404109
job u03 0.4206161811688063 0.19232060151641764 1.9070171336990678 0.464734163689737 0.8773226789798136 0.42891255260626626 now 0.12816049609053434 1.6557384124967034 0.5896195049444743 1.1709922149080922 0.5229529682580996 0.18888487194899026 0.2911360659934868 0.1907196604596131 0.5299945187205095 now 0.036583401312692096 1.2353058990469978 0.7786057575893087 1.1116140286026874 0.24654518056536384 0.20622585904567273 0.2529706638239391 0.9778749120427711 0.2940427255218962 0.9350627946870756 0.6708863572291515 0.7784356928616454 0.1743310359656388 2.50012991409311 0.4504034030605291 now 0.22989152521397926 0.20137763830404834 1.0526272970214923 now 1.2175262895811239 0.8709386407733031 0.41983005249724026 0.6708312573573909 1.2125255855725405 0.12304229209232234 1.2433114592130496 1.8802449432036654 0.08006818743318707 0.6622746878221213 0.6001646509350461 0.1069931045461012 0.42142564928036014
job u04 0.9203830535790151 0.2321591730098791 1.2559189533429067 0.2985409641225518 now 0.25638894619895597 now 0.9639428131366387 0.9876761891837831 0.31241556143277843 now 0.28064104324892664 0.41172501138339623 0.57426193061064 now 0.1849819989300891 0.33468604842377697 0.17633288492905172 1.5744752136282605 1.3533529792899512 now 1.9312787090063577 0.21640401141773327 0.02346561291957239 now 0.21395771308363126 0.9768628202890278 0.9109470740378395 3.929910477831237 0.6332416369863779 1.6153665380496396 1.285374501197973 0.7586693938141388 0.04479091795417052 3.4699605980774457 1.5580222283449467 0.8930043504750983 0.8143555656561967 now 1.0706358057983323 1.7363598335113277 0.27652670782118316 2.4827857975864047 0.04347965299291496 0.27869828145541176 0.4683221655932587 0.7036543745256172 0.07380583782109862 1.5738482493151533 0.12523930562634814
job u05 0.6227846152777922 1.376514519215005 0.30779022372402104 0.0448566230090357 2.315700968723078 1.5202659135305094 1.1740112833951513 0.01718134544435184 1.7571777998269766 1.0979783062902944 0.3067185269568582 0.2960530447971507 now 0.026773308867883983 1.235058730242876 0.2759539055266632 now 0.9533756258154036 0.5288804678293463 0.0269564494446811 0.7084910959282252 0.05057550385058418 0.0022682327414019197 1.5444752030905147 0.1021024389622372 1.2338591020505643 0.2715214410245156 1.58195165713911 now 0.4053508847829474 0.5974645799779204 0.36161420142639505 0.43163887406223145 0.7864351168802858 now 0.8248410875207368 2.0793095791937257 0.9622036372332027 now 0.6298950019656981 now 0.6400683248981642 1.3714697954505737 0.007971411349525497 now 0.8475074108375017 now 0.3848265481243929 now 0.07181873579111157
job u06 0.9718046037428125 0.4476411840587829 1.4492296375464164 0.0756016756907636 now 0.4591203976500692 0.7546393975387183 1.7416846760120626 now 0.47567620224596147 0.741360846362951 0.8103455930928577 4.010326084088579 0.05193758552654186 now 0.07799373940284632 0.9392015713947403 0.07671718954914875 0.29982031995363 0.06942476631350614 0.9336182164503121 0.34636689965559897 now 0.09634270939537841 1.9212981802596902 0.5030987042733613 0.14542321009235054 0.5962435760045771 0.37608521730494704 0.014477754083672396 now 0.3818081725061507 now 1.9550293367892537 0.32365187668755674 0.8856931088066244 0.38330219710768326 0.3041481199640999 0.6323592841551537 0.4617164395465609 0.0372434182849143 0.09555022420098407 0.7960253052888395 0.3040679112943971 now 0.09556850537854775 1.003731882683534 0.37985687368147075 now 0.3214768995474341
job u07 0.3372285890187966 0.21543725073074138 now 0.3932106994393273 now 0.26027696399159767 0.6906185506132545 0.3178199927567303 now 0.5814150018267268 now 0.21084612310354287 now 0.020414910824026238 now 0.3729754192177686 now 0.31448584755903314 1.1123462141425196 0.1745372500803704 now 0.07994236993531842 0.285161307695106 0.4578404207235034 now 1.0628640844783315 now 0.13871995238569865 now 0.8765903419093943 now 0.31523807029993667 now 0.32268640651256014 1.4326504626329757 0.21152132689875885 0.09852720702905922 0.8728634686523111 0.9380028056921109 0.049022208333905255 3.751454554268841 1.9192743423063476 now 0.04338338497914496 0.2567770125801955 0.043355577964621514 now 0.9241680758006815 2.2285260804257376 0.008680590529542861
job u08 0.706167146895726 0.3267268482091617 now 0.08536421600900451 0.7556910760445336 1.1900118349900723 0.061513102961737606 0.2561386792107183 now 0.00340452247693745 0.20469808554499322 0.11751442811780625 1.3719566603742157 0.21081673361662984 1.6014750487464842 0.1086128111073669 0.9068621509437349 0.07981745767546856 1.3171480858779705 1.2774785993095217 0.3022246933340291 1.0856773369562438 now 0.34218579623166634 0.06915508920577942 0.33284289835378583 1.5146667772155311 0.368241191156331 0.7507821223271092 0.7040576955936785 now 0.10776818216611209 1.1564969439752888 0.00404146550440545 now 0.35572585879416874 0.09421831620291314 0.6982886272542058 0.6621070199006212 0.3066403636648393 now 0.5020030565344279 0.27048954319933427 0.6580352619456399 now 1.8957870095714473 now 0.07099694481065008 0.5907251096500316 0.5450451292419757
job u09 0.30541812191088336 0.4075876184395659 2.5490274622795264 0.7833588862466393 0.18253141836030565 0.06961944263671965 1.5245398926901506 0.06268350177935361 now 0.5774720660436021 1.2511131106790205 0.7802481837622652 1.587624174528419 1.178013046078865 0.5362176598364096 0.2983943628442121 3.5077502809207046 0.16970362684836035 1.5018248048304326 0.14678088965906846 now 0.5167769160251942 0.07103959939703806 1.240927302137588 0.5229784726405714 0.7490446222076546 now 0.559639842983946 0.008128854087190182 0.751442282977366 1.7486409900834086 0.08013658014853951 0.6299121115928439 0.21817326453488084 0.07036635276345425 1.0248438651971978 0.9479145951209859 0.25350093150319747 1.27051529795608 1.5437171643222778 0.8856841825766134 0.7469458545561056 0.7702544839482011 0.6471712785852735 0.915973978359905 1.0988671202266667 now 1.1731445630797952 now 0.5727569714586626
job u10 0.787652102433567 0.3446223072569112 now 0.8088831031580179 0.5824365697250081 0.4210277514723074 1.6389666230017963 0.48115354746226985 0.6430420654096939 0.09461829644427036 0.20773008690383699 0.08326381149404911 now 0.07952385126564972 0.3285675080067185 0.014462718898985276 4.799899454188414 0.021855946378439437 1.568693313192087 0.39960928075687746 0.11162615106212814 1.3936271061356607 now 0.09151462768552471 now 0.03912432300826786 0.5272500302067915 0.012770922008175738 now 0.19189243309423873 0.7222584714851565 0.3798360531146616 0.8601778343672123 0.09839566835237903 1.2504087706771658 0.07796614356484892 now 0.3060016782861763 0.7456696200277132 0.27065171978874764 0.04387018336030695 0.3017057362690465 0.22487767979378132 0.04444050933646228 1.9498638213768626 0.0349777384148911 0.008740945650048324 0.6082831734002719 0.6619856814927759 0.19545917320904804
job u11 0.7621959719564231 0.2927426879514229 1.5755306949051728 0.6101594420449516 0.032356196347239574 0.8445789950479012 0.3096082128100718 0.9661073047935919 now 0.347507744443122 0.028104801851490977 0.7949250468319459 1.3905821862554333 1.6028118277105923 0.8278751870643912 0.21724092696169897 0.562807426819986 0.067376092953527 0.7110931251633548 0.890859409904629 0.10285949933479784 0.28239852388469455 now 0.2850501378793526 now 0.0600941253616665 0.24870879435744006 0.6822370916843646 0.4601815876467224 0.17059183729512054 now 0.21965785043405806 2.1572184540171317 1.9537838773164624 2.0663175549514867 0.31189723255142876 0.3483255007683122 0.18766100795206714 0.3362389203498483 0.23730859249226607 now 0.19110449307194655 now 0.45289488693960367 0.3454520604517884 0.3264434051294086 1.4779504894960263 0.5208843374726835 2.0564471339433656 0.04347983806693349
