# random passive seed=602
passive 4
pjob p00 0.4012785642225538 3 0.3772862630864603 1.2792855876858908 4 0.2386645034773071 0.7809446926082474 1 0.21790747828887164 0.5778329308356733 3 1.4240607140292854 0.13750087594754426 1 0.3338784266762418 0.5147765201840933 1 0.016110499911814447 now 3 0.2503270695841344 now 1 1.4295850664835776 1.0739785948423728 4 0.10200044220230303 1.071006320824971 3 0.1288996613236755 0.558184154073779 2 0.04907157541657169 2.1197309393264803 2 0.005466653431032239 0.997558123975773 2 0.06467571534309019 0.7406118583784638 1 0.1998403762161547 2.813876520564008 1 0.9005903401524656 0.4273623501957149 1 0.7691324545658743 0.8979690273377005 4 0.8994889590908443 0.6573047474323349 3 0.23486457650300135 1.875936614549344 4 0.8495306977620642 now 1 0.4912621678507618
pjob p01 0.22513657419157673 1 0.7266328268426168 now 1 0.10219321696556904 now 2 0.35553933239345376 0.27118937163330004 1 0.08643906103163516 0.44821654129586946 1 0.9930605577673243 now 2 0.37091322395337784 now 1 0.30050542972822636 1.3456766722104763 2 0.27098204827262146 0.09267869357838794 2 0.4264150245725094 now 4 0.8358560100408766 0.15834328694356645 1 0.3838511817017443 0.4007885254664932 1 0.9199927250369393 0.09215977950936645 3 0.4591767699384897 0.38553460646586624 3 0.6991733094361685 1.3712037420506278 1 0.20928371785965044 0.06299379004033132 2 0.810823385993811 1.4904809886046853 1 0.14294997542044224 1.6569290076682626 4 0.9346448051893407 now 1 0.3948248806199961 0.44992903592989664 3 0.5056987667416015
pjob p02 0.328277171518228 3 0.7088625008487563 now 1 0.43683928281213735 0.8981095466292869 4 0.6703191000551927 1.0407871524541046 3 0.3111877787640324 0.9851374994933864 4 0.012396618141904802 1.0058883769169686 2 1.5828661349241053 0.6702279456876508 3 0.6905438052937948 0.233860755031492 3 0.5472067907406711 now 1 0.27364372087540323 now 3 0.7702462664563644 0.5630506234916937 2 0.9201373970868472 0.9175894941458111 2 0.6271253258735077 1.7829626243492096 1 0.6780181424809454 0.32489629420889593 2 0.3352999096905724 0.3127941447948362 1 0.1776378536142572 0.06976960084932649 3 0.12228414029824897 0.9405531760013687 3 0.23606953675769035 0.20575820327113864 2 0.10914426698862635 0.1391925876163105 4 0.8373475275841467 1.607861304739183 2 0.11799026019990728
pjob p03 0.38320830418796414 3 0.019015887821992143 now 2 0.6091594597771519 now 4 0.8395569955593147 0.889725958232741 2 0.3383348481718237 0.2586997389972723 4 0.09414475059478 0.3478755312921584 2 0.07801452114092182 now 1 1.183893473736269 now 3 0.12287848313297331 now 1 0.787150202601983 0.006952436572526839 3 0.7879050044015193 1.1098509618087735 3 0.4134942116466403 1.0441579879532283 2 0.20870913371467908 0.8635416726471438 2 0.4320731005570119 0.9862368757212949 4 0.2056434699385917 now 3 0.4189088162954258 1.6225386760153322 4 0.9107213221372763 now 4 0.10501124909537587 1.6501515568199905 2 0.8112766813850568 0.9960836880380157 4 0.7162676703902983 0.10530696110043729 2 0.5945390209154586
pjob p04 0.6637536195798935 3 0.05581821941322634 0.12470213071058384 4 0.12768872653887897 0.5276353815561918 2 0.3258938814911548 1.9699646504697552 4 0.043699176591639965 2.995427650597793 4 0.20036535923816734 0.26867341927648825 1 0.245494266405607 now 2 0.1306872342445363 0.41079386985667066 3 0.025534438285839355 1.1278435325585143 3 0.03265983281799409 2.0786342560794737 3 0.05165463350333614 now 4 0.11168925363567203 0.2690533162510802 1 0.23390008471533472 2.8752433175483265 1 0.36156081635013515 now 3 0.3658642444730063 2.0931378866572303 3 0.02739068165274023 now 1 0.1869124146539513 0.5698014297005799 4 0.7231365891143178 1.111019919478825 3 0.05385277375963198 now 1 0.22264009995675044 0.7161323804729062 1 0.3020241385424453
pjob p05 0.6469244669877469 4 1.7394508869216718 0.774319400505223 2 0.11004362425715354 0.12226367788320969 1 2.6772880088356583 1.3190341306924642 4 0.8838329020822387 now 3 0.39751127701445116 now 4 0.2007374510094824 now 2 0.26485674454320257 0.01653559128078167 2 0.4454151987765495 0.24757932852459397 4 1.0645725514921656 0.7936038790074634 3 0.4878875457600082 now 3 0.8230999342923266 0.15413801139836295 1 0.9756138824044147 now 2 0.04101258810168641 now 1 0.18472661059139492 0.6861947379184277 2 0.22386612369457112 0.1885274454367154 3 0.31093245752909554 now 2 0.3227255802747078 2.4407822032525055 3 0.09678224335637649 0.6416883948747016 3 1.2720101819268106 now 1 0.2141343251891686
pjob p06 0.15480038432850574 3 0.8668666539574825 4.3514264451178235 3 0.11699271958052503 0.04649072632999168 3 0.7530996322444061 0.010308420080146884 1 0.5922588217675372 2.7017114597595184 1 0.45136547771160423 2.1111965746471664 1 0.06234497822352262 4.029989551872675 4 0.1955487893518326 0.05508662170432669 3 0.5292104370729412 now 2 0.5573645598510243 0.6948219759560015 1 0.0023012922438612783 0.37871936016279895 4 0.15741554130752403 1.0641111063651787 4 0.7310981414856679 1.1481233704756453 3 0.25413427111383613 1.1908325522010206 1 0.3537069945068406 3.4891912216374177 4 0.5482397295591234 3.661416595124662 2 0.516259648860061 now 2 0.6316442344891554 0.20520238006888217 2 0.23490748125029745 1.9118154808025858 4 0.6682555193349851 now 2 0.07390992421416355
pjob p07 0.7430503067058309 3 1.303814166663573 now 2 0.05927224898093041 0.6582726924965512 1 0.9947809099113682 1.1325674060845972 2 0.3896795414861069 0.012993059293267214 3 0.27112107176170036 0.3712762372325075 2 0.7203278252341765 0.8022823850778945 1 0.31128441703498416 0.023747919590215234 4 0.8600479651077212 now 1 0.8948368117364518 0.7169575137388128 4 0.3044291217589422 0.6651261163081638 2 0.50471472808931 now 4 0.41036626432627155 0.3927404929314456 1 0.5470247255466069 0.9284747221258559 2 0.6460355565159238 0.2295113468558696 4 0.589740123252853 0.44571897140041455 3 0.9474748775237803 now 3 1.4424904657932864 1.114425011959237 1 0.8998675226296694 now 1 0.9906889142981684 now 4 0.31607281409445576
pjob p08 0.30847019136137377 1 0.14166685841423635 0.7004821578667383 2 0.02614526397120964 0.09157488831880449 2 1.5052864559737678 0.5884797234648177 4 0.3525918460227887 now 2 0.21644072408989046 0.2848018974320219 4 0.05378987043075358 0.30387223028673027 1 0.5934587023602014 0.5119631186499274 3 0.40859987171530904 0.6464162225632502 4 0.20768942321519793 0.17870696732364996 3 0.5321270878667494 1.2726696162174234 3 0.24315570228305616 now 4 1.0675202123400893 now 1 0.5696571111292142 now 3 0.4507007470084917 0.05043745772269324 1 0.5119495777584027 now 2 1.3344344940359023 0.44995950638869914 1 0.1611694693379829 1.07598794693692 3 0.9880226185775622 now 4 0.5079945089576807 0.1793720178991959 3 0.141931088093586
pjob p09 0.6270110979560043 4 0.39269656820389676 now 1 1.3706230742248446 0.7257200702554328 3 0.5623413686827322 0.5316613698091343 4 0.3806990745014852 2.893638145013284 4 0.4599419966183486 0.7298399270950297 2 1.0092047720467623 now 2 1.2967295238177174 0.8094664284946254 3 0.12468198189008067 1.2042076635054852 1 0.08841681571559348 0.36027532873480017 1 0.37682941374924744 now 1 0.11753508733558662 now 3 0.17851784465847678 now 1 0.2410189698189018 0.9177279192950624 3 0.699068693689056 0.2917457493174115 4 0.5866283019440054 0.43724137016480574 3 0.28880369160304165 0.11402065690894152 3 0.16509705591361382 0.945910288853907 2 0.05032055177787569 1.093615310158084 2 0.2567638462294136 0.4736622166983673 4 0.30827265740857557
