# random closed workload seed=304 users=12 steps=25
resource ps 4 3.0
job u00 0.13387794947057807 0.2783507360695476 0.6004074934109724 0.1324815600406735 0.36525124581570495 0.4386373452030278 now 0.7050687394835816 now 0.17071422131573682 0.0906894318038996 0.24741386435605384 now 0.24011651588405367 3.087737606979827 1.4758512414490057 1.446868240511776 0.30712602634210623 now 0.15619312242690206 0.5061081271194579 3.024597787450013 0.10043359652060461 0.4335950872318395 now 0.15060487778139764 0.06992402559449258 0.6633433476425283 0.0021464056121891914 0.17393658468651288 0.048150540223229316 0.22663029537007193 now 1.0861039015872826 1.4463416136518596 0.16151307174396595 now 1.1730102620031204 now 0.1216796048251512 now 0.8682557438496691 0.19425055796660173 0.010950028615609826 0.04250958697439529 0.0011748176197033603 0.8292559489409649 0.389596976602845 0.04536461185666624 0.03439349129181684
job u01 0.09363032822552941 0.475430806297747 0.2576359881631951 0.42705307124720665 now 0.0687609362308653 now 0.0728247729631718 now 0.17573499763263534 1.9572860576737776 0.7075291249916994 0.17097347809273797 0.7896718220764861 2.4010494100688984 0.4819637767434429 0.8819149695831273 0.011093456727131773 now 0.09668878887023502 now 0.7122196001271223 0.14520509982076377 0.7978837904443146 now 0.05698769719367049 0.4367066184344666 0.3897895551588222 1.5312754160162612 0.4422997829820836 0.36176729507732597 0.5557880214818655 2.2839828650604566 0.534803136928987 0.024178949924822522 0.19226873411466322 1.0831171276914056 0.9216379408086641 0.30481776095162494 0.45033551920376264 now 0.38233249602306474 now 0.8326138586881825 0.21200274477106298 0.5415933668388334 now 0.05705391936715366 0.06811359380346567 0.26619875056093495
job u02 0.45708251074315276 0.775892053778052 0.6327815168478539 0.01684742876730345 0.1671228964799305 0.358167274666262 0.3836205409461456 0.3590288490741463 0.11179240114108588 1.030456196156862 0.19654369609426614 0.2748672331850083 0.4267957815689232 0.02580169752871968 1.6277926952797044 0.49268762174445146 0.2404428270838023 0.03333157606908193 0.16097556991181985 1.41752813143945 0.7121790051660585 0.08136514210083298 0.664158138016604 0.7110220458144824 0.15012443623553753 1.0307370964833684 now 0.35301056679076914 0.4797845803377385 0.21218191020721244 0.43074543786775354 0.22054003711511952 0.8976563779419481 0.4952396602734803 now 0.09255389959151904 0.4095204536494231 0.2774065211262981 5.745597735343711 0.8891754539757343 0.40311443046568807 0.23567216768606744 0.08274862698847604 1.3459578765204376 0.4162923516240347 0.8925427924282532 0.9854596967663074 0.8773851729274886 0.2175811099328497 0.09954819997709669
job u03 0.9897273639149909 0.2535612733179471 2.3160195075735976 2.6888012544641273 2.1540558235344474 0.31107719191385114 0.7834588302946326 0.8107332519931232 now 0.05811702027960802 2.4595722041458012 1.2806346232317627 0.11222083168753028 0.39649858230904445 now 0.01330328706414466 0.33773986150453766 0.20499696870992848 now 0.48415918267465075 0.5850465163596735 0.11595823058438832 now 0.34640862896102437 2.3717871458906328 0.6356983371836935 now 0.7829978737127901 0.9990654362795802 0.18831301941260298 0.6457553439499752 0.3880014807423375 now 0.9758083712729592 now 0.17917198023663208 2.4487176484141164 1.009815317157508 3.507421947949604 0.026193981378180638 0.1699288496280552 0.020596246284646447 0.9156005714466378 0.5026423689176626 now 0.32860654247109466 4.517898673374925 0.26749202729151633 now 0.5665612580634498
job u04 0.44474166469461696 0.15352282430124656 0.9876524355247812 0.4708078170529075 1.338598438093651 0.9959068497898897 0.0743290557104056 0.015217820011239223 now 0.39277802471257345 now 0.021641355158578804 now 1.4300657859452872 0.7563353955053059 0.03669714043000856 4.261166892829413 0.05371443562681181 0.14901015798555328 0.768193147555798 now 0.012819608530442114 now 0.472999537060798 now 0.4587401327486688 0.020299160991753502 1.1718258530161818 1.7941031215884993 0.5276237007428598 0.6477410774913349 0.17458644289093492 0.3417538404714021 0.025273640607530238 now 0.42372788664029293 1.9322499944861087 0.05942254265180038 now 0.024552187787817887 0.6858526552773431 0.1642882431033591 1.4453412472662257 0.7011774838989034 0.5986071344025686 0.4765282489164825 now 0.24230549378254443 now 0.021226738363621184
job u05 0.9825419362318456 0.45426565899041615 0.8976157373740374 1.1607937269518434 1.1331218589246828 1.558807979681747 0.5900860669636055 0.15868275376396732 0.7520071155883529 0.468546851997939 now 0.505273050328289 0.9418215277191172 0.263982476479929 0.5077277915821116 1.2256870086415101 now 0.6407144064804073 now 0.6393355745129972 now 0.7633835351447595 0.8206289779538063 1.2129135682115633 1.6500934449633509 0.06267577229942013 2.850758912416161 0.16000078903391382 now 0.4433497351684367 0.2870232006016862 0.6701198380593266 0.3915987485801478 0.7767917219504729 0.6519675049136241 0.1116245029687783 now 0.08533518898757382 0.2023728912409749 0.4055307060866962 2.4463471673929917 0.29615197091785306 now 0.8741036325741152 now 0.7904173627784817 now 1.3552424406614514 0.5468387464596299 0.7907984034465873
job u06 0.7301862942858036 0.048500195694936764 0.8734704610898956 0.223791451128575 1.351224753781715 0.035724503822369885 0.22933618388592716 1.6400852752563795 1.409168564167096 0.16627014434796625 now 0.9876575724403411 0.8142959299247676 0.08948463836941668 0.2826438095247196 0.6848122845312633 0.7653262290121856 0.5348362612416215 now 2.557234635310611 0.3058113423555554 0.2880088289608658 1.4996402141218272 0.7905513241419794 0.8594497694241121 0.7254290982162244 0.9900827506188387 0.07343160657062162 now 0.08337509793368866 0.20693868031518722 0.019661390264133084 now 1.884599894664788 1.0374666564726696 0.13900964084258516 now 0.04386154399264381 0.8775916940962062 1.8975064393425862 now 0.1182876413642206 now 0.26387156188436306 0.22110731529665217 0.875168877861298 now 0.08601327598560475 now 0.13495850177845847
job u07 0.5056882367719602 0.016689964421864385 3.0082298231648323 0.0477203839223235 0.7514790464917859 2.3719383082047014 now 0.06498633237700284 0.9715964899007848 0.5814332951775001 now 0.7389746616855959 0.519726414548499 2.3238814960296654 2.3479664844019905 0.2386810986057716 now 0.18496123097469372 0.915493580756777 0.5929935340547856 0.5213544319960041 0.9300130452410929 now 0.1715091973815875 now 0.15431765008614712 now 0.2775594168324303 0.04377622201123621 0.7732592290609092 now 0.6716866472102522 1.2686213902030823 0.4821691147610885 0.15992824887091162 0.5111488767249368 now 0.8378070921574854 now 0.27888299008740514 now 0.5966270444793188 2.343966801033955 0.11004631564225247 2.9265302345350075 0.6522640850893231 0.5451602672264344 0.4113677541269534 1.9418123169331005 0.11052606303007191
job u08 0.9179913898005725 0.41291769247355714 2.558573573768066 0.7642726879327804 0.4754391151567007 0.5745456916660212 now 0.6348307383823043 0.15381721463609593 0.2584635476388696 0.8176935982703758 0.06826006773603865 0.20292948501122277 0.04871843260694602 now 0.07565414912668905 0.78798400319 0.42685532772355544 now 0.4371268232226027 now 0.17885404918345735 0.6257339476978041 0.13977966844949727 0.00022155292036394336 1.1552292552760306 now 0.5004281680130173 now 0.9908310703023074 0.04681683849450105 0.24134429553975795 0.5398589540795372 0.0006020366859979828 now 0.0009433425560315663 0.505730296559587 1.0915640746304716 0.4038302186436967 0.24436475129686105 0.4271815238260325 0.5231099363958445 1.2539177098269934 0.5627861867168266 now 0.21026547498023604 3.5174161846856196 1.2296497911236637 0.7385023929432835 0.47458335691520953
job u09 0.19584364674970223 1.131793162788423 now 1.192241812313911 0.5513822759135967 0.13507584473294273 now 0.0392439008854057 0.5417451108357668 0.02611255196965362 now 0.30704656599033 4.479496046182078 0.10467230519696791 2.1531209776926343 0.60231175655833 0.38722520784235753 0.14518815458774345 0.7907844370773417 0.49361176284160996 1.7209968106147848 0.8737573352897774 0.4787757094719179 0.3957914296815603 0.36625170008390306 0.08163859225577633 now 0.1106495479529748 1.3591737965491346 0.5201624661525056 0.775898894144279 1.465357281567244 0.9700994457711795 0.02973932865560297 0.901089072486558 0.1426436471345459 0.7479498579907093 0.08339605755149106 0.46329667233790917 0.10936430547172868 now 0.26017653054901346 0.2749418523506267 0.08479019965962964 now 0.45610492667092273 1.666923232681382 0.2913256335579056 0.03054799957350726 1.5670833258867771
job u10 0.3025586400269731 0.14518069280343493 0.636545083382865 0.9381391920502576 1.5659538096892223 0.5341654989789885 0.7414201246598952 0.7144329871934313 1.692584462774313 0.501004788492176 0.7161499223538504 0.12642209073163124 now 0.4015582874693771 1.1781225075124098 0.6384608322198962 1.7487543812486657 0.16541741859251238 5.010678788429922 0.05563968435607772 0.72268545016567 0.3573515320369201 1.0101154999839281 0.23215268399762062 now 0.27147920100897943 1.7534531029641929 0.280253282577558 now 1.3645262749479552 1.2377272271482191 0.6087540523064207 1.4040543393097848 0.042570901068589066 now 0.5546100247826464 now 0.13147360688426954 0.03974798426787106 0.008712187706957971 now 0.008404073231925656 now 0.07953383782753223 0.6631452036846516 0.04795343299735605 0.19647630295591004 0.19366558004827672 1.4107570299201568 0.7953316502828136
job u11 0.7462373909969929 0.23585888865679364 0.8739568367285703 0.05074549039351344 now 0.47075592377243664 now 0.729128685509355 0.9017088867268512 0.7074056160862063 2.049385616099439 0.027776670055783645 0.693975862930218 0.1790891564689339 1.038568616968699 0.6358408575675286 0.6798879176948156 0.2766446381581318 0.9879965928509079 0.501653730615129 2.5428872025348674 2.161032984499535 now 0.06693954691191936 0.9281834437682359 0.38661205166417556 1.4873033243541973 0.16102817455467952 0.6673882260026764 1.6624121891342918 3.164477010463717 0.725697223858395 2.15598164157385 0.5203854603836197 now 0.17506138649336442 0.3717701941056699 0.3555610756429882 0.48660654398042746 0.5498841255040411 0.10563993645833857 0.7996033225580528 1.6334529293907314 0.19029196027854847 now 1.1177385418639763 now 2.431601688190613 0.2407677432934003 0.1071550219058347
